Fortran
232.44944219568163
78.940394758353122
147.30103711535256
85.194698260907131
2.84534867791640107E+021
8614670.3720826432
9683368.6411337480
9219846.2876406591
40317367.792717256
0.0000000000000000
0.0000000000000000
0.0000000000000000
0.0000000000000000
0.0000000000000000

C++
232.4494421956817
78.94039102509281
147.3010340875348
85.19469486814853
2.845348677916387e+21
8614670.37208258
9683368.641133688
9219846.287640629
40317367.79271699
0
0
0
0
0

Relative Error
 3.668114988180258e-16
-4.729214143973293e-08
-2.055530516449343e-08
-3.982358843380597e-08
-4.975058455881768e-15
-7.351405490694612e-15
-6.155362558665534e-15
-3.232409896859752e-15
-6.652738414577452e-15
NaN
NaN
NaN
NaN
NaN

