6144 11.2327
6576 14.8571
7056 15.2526
7560 15.5475
8112 16.1013
8688 16.468
9312 16.8917
9984 17.2497
10704 17.5858
11472 17.939
12288 10.6554
13176 18.6152
14112 18.9713
15120 19.3398
16224 19.6777
17376 19.9711
18624 20.2263
19968 20.5026
21384 20.7058
22920 20.9524
24576 11.5589
26328 21.2319
28224 21.3421
30264 20.8087
32424 19.8625
34752 19.4328
37248 19.6003
39912 18.9635
42792 19.0888
45864 19.2001
49152 11.5005
52680 19.4808
56472 19.5034
60504 19.6102
64848 19.7298
69504 19.7718
74496 19.7742
79848 19.8758
85584 19.8874
91728 20.1017
98304 11.7717
105360 20.2379
112920 20.2467
121032 20.3043
129720 20.3381
139032 20.3598
148992 20.4046
159696 20.4546
171168 20.3393
183432 19.878
196608 11.8754
210720 19.5874
225840 19.8367
242064 19.1227
259416 18.9597
278040 17.8718
298008 18.3607
319392 17.3845
342312 16.8626
366888 16.3164
393216 14.9046
421440 14.9277
451680 14.3824
484104 14.3847
518856 14.3863
556080 14.3998
596016 14.383
638784 14.4028
684624 14.3989
733776 14.4258
786432 14.4341
842880 14.4147
903384 14.4189
968208 14.41
1037712 14.435
1112184 14.4207
1192008 14.4458
1277568 14.4469
1369248 14.4273
1467528 14.4496
1572864 14.4647
1685760 14.4498
1806744 14.4347
1936416 14.4128
2075400 14.4261
2224368 14.3956
2384016 14.3575
2555136 14.3373
2738520 14.2849
2935080 14.2433
3145728 14.2445
3371496 14.2285
3613488 14.2627
3872856 14.2458
4150824 14.2557
4448736 14.228
4768032 14.2069
5110248 14.2377
5477040 14.2669
5870136 14.221
6291456 14.2498
6743016 14.2439
7226976 14.2328
7745688 14.2635
8301624 14.2221
8897472 14.2531
9536064 14.2586
10220496 14.2653
10954056 14.2747
11740272 14.2741
12582912 14.2526
13486032 14.2619
14453976 14.0704
15491376 13.8718
16603248 13.9765
17794920 12.9339
19072128 11.4737
20440992 9.63169
21908112 8.87134
23480544 7.22258
25165824 6.18204
26972064 6.04127
28907952 5.2749
30982752 5.01079
33206496 4.84847
35589840 4.71491
38144256 4.6174
40882008 4.55545
43816248 4.56448
46961088 4.51443
50331648 4.48069
53944128 4.41314
57815880 4.4129
61965528 4.39244
66413016 4.38979
71179704 4.3923
76288512 4.39414
81763992 4.44009
87632496 4.44067
93922176 4.39331
100663296 4.44094
107888256 4.39359
115631760 4.43903
123931056 4.44034
132826008 4.39497
142359408 4.44565
152577024 4.4405
163528008 4.44432
175264968 4.44843
187844352 4.39417
201326592 4.39651
215776488 4.4054
231263520 4.39514
247862112 4.39456
265652040 4.44664
284718792 4.44511
305154048 4.39317
327056016 4.40726
350529960 4.39601
375688704 4.44537
402653184 4.44521
431553000 4.40803
462527040 4.44972
495724224 4.38897
531304056 4.39392
569437584 4.44541
610308096 4.44095
654112032 4.45916
701059920 4.39716
751377408 4.44215
805306368 4.39569
863106000 4.41037
925054104 4.44144
991448424 4.44877
1062608112 4.4479
1138875192 4.39325
1220616192 4.39606
1308224064 4.40197
1402119816 4.45078
1502754816 4.39412
1610612736 4.44785
1726212000 4.40661
1850108208 4.44941
1982896872 4.45314
2125216248 4.45213
2277750384 4.44926
2441232408 4.4418
2616448104 4.46386
2804239656 4.39757
3005509632 4.39788
3221225472 4.44501
3452423976 4.44721
3700216392 4.39587
3965793744 4.4521
4250432496 4.39305
4555500744 4.40265
4882464816 4.39895
5232896208 4.39704
5608479288 4.39408
6011019288 4.39318
6442450944 4.44919
6904847952 4.39616
7400432808 4.39695
7931587488 4.44948
8500864992 4.39473
9111001488 4.40578
9764929632 4.39457
10465792440 4.39509
11216958600 4.39455
12022038552 4.44467
12884901888 4.44662
